
Descriptive statistics
===============================================================================
Statistic                 N     Mean   St. Dev.  Min   Pctl(25) Pctl(75)  Max  
-------------------------------------------------------------------------------
Trial                   5,295   4.9      0.6      4       5        5       6   
Reef                    5,295   11.8     4.8      2       8        16      20  
Read.number.every.5.min 5,295   15.8     10.6     1       7        24      41  
frame.number            5,295  502.9    311.8     30     240      750    1,230 
IMG.num                 5,295 18,885.2 5,665.0  10,733 16,354.5  20,341  41,525
Count                    375    1.2      0.6     1.0     1.0      1.0     7.0  
Score                    375    2.4      1.0     1.0     2.0      3.0     5.0  
Count.zero              5,295   0.1      0.3      0       0        0       7   
Score.zero              5,295   0.2      0.7      0       0        0       5   
-------------------------------------------------------------------------------
